total 197
0 (32868, 768)
1 (1024, 768)
2 (768, 768)
3 (768, 1)
4 (768, 768)
5 (768, 1)
6 (768, 768)
7 (768, 1)
8 (768, 768)
9 (768, 1)
10 (768, 1)
11 (768, 1)
12 (3072, 768)
13 (3072, 1)
14 (768, 3072)
15 (768, 1)
16 (768, 1)
17 (768, 1)
18 (768, 768)
19 (768, 1)
20 (768, 768)
21 (768, 1)
22 (768, 768)
23 (768, 1)
24 (768, 768)
25 (768, 1)
26 (768, 1)
27 (768, 1)
28 (3072, 768)
29 (3072, 1)
30 (768, 3072)
31 (768, 1)
32 (768, 1)
33 (768, 1)
34 (768, 768)
35 (768, 1)
36 (768, 768)
37 (768, 1)
38 (768, 768)
39 (768, 1)
40 (768, 768)
41 (768, 1)
42 (768, 1)
43 (768, 1)
44 (3072, 768)
45 (3072, 1)
46 (768, 3072)
47 (768, 1)
48 (768, 1)
49 (768, 1)
50 (768, 768)
51 (768, 1)
52 (768, 768)
53 (768, 1)
54 (768, 768)
55 (768, 1)
56 (768, 768)
57 (768, 1)
58 (768, 1)
59 (768, 1)
60 (3072, 768)
61 (3072, 1)
62 (768, 3072)
63 (768, 1)
64 (768, 1)
65 (768, 1)
66 (768, 768)
67 (768, 1)
68 (768, 768)
69 (768, 1)
70 (768, 768)
71 (768, 1)
72 (768, 768)
73 (768, 1)
74 (768, 1)
75 (768, 1)
76 (3072, 768)
77 (3072, 1)
78 (768, 3072)
79 (768, 1)
80 (768, 1)
81 (768, 1)
82 (768, 768)
83 (768, 1)
84 (768, 768)
85 (768, 1)
86 (768, 768)
87 (768, 1)
88 (768, 768)
89 (768, 1)
90 (768, 1)
91 (768, 1)
92 (3072, 768)
93 (3072, 1)
94 (768, 3072)
95 (768, 1)
96 (768, 1)
97 (768, 1)
98 (768, 768)
99 (768, 1)
100 (768, 768)
101 (768, 1)
102 (768, 768)
103 (768, 1)
104 (768, 768)
105 (768, 1)
106 (768, 1)
107 (768, 1)
108 (3072, 768)
109 (3072, 1)
110 (768, 3072)
111 (768, 1)
112 (768, 1)
113 (768, 1)
114 (768, 768)
115 (768, 1)
116 (768, 768)
117 (768, 1)
118 (768, 768)
119 (768, 1)
120 (768, 768)
121 (768, 1)
122 (768, 1)
123 (768, 1)
124 (3072, 768)
125 (3072, 1)
126 (768, 3072)
127 (768, 1)
128 (768, 1)
129 (768, 1)
130 (768, 768)
131 (768, 1)
132 (768, 768)
133 (768, 1)
134 (768, 768)
135 (768, 1)
136 (768, 768)
137 (768, 1)
138 (768, 1)
139 (768, 1)
140 (3072, 768)
141 (3072, 1)
142 (768, 3072)
143 (768, 1)
144 (768, 1)
145 (768, 1)
146 (768, 768)
147 (768, 1)
148 (768, 768)
149 (768, 1)
150 (768, 768)
151 (768, 1)
152 (768, 768)
153 (768, 1)
154 (768, 1)
155 (768, 1)
156 (3072, 768)
157 (3072, 1)
158 (768, 3072)
159 (768, 1)
160 (768, 1)
161 (768, 1)
162 (768, 768)
163 (768, 1)
164 (768, 768)
165 (768, 1)
166 (768, 768)
167 (768, 1)
168 (768, 768)
169 (768, 1)
170 (768, 1)
171 (768, 1)
172 (3072, 768)
173 (3072, 1)
174 (768, 3072)
175 (768, 1)
176 (768, 1)
177 (768, 1)
178 (768, 768)
179 (768, 1)
180 (768, 768)
181 (768, 1)
182 (768, 768)
183 (768, 1)
184 (768, 768)
185 (768, 1)
186 (768, 1)
187 (768, 1)
188 (3072, 768)
189 (3072, 1)
190 (768, 3072)
191 (768, 1)
192 (768, 1)
193 (768, 1)
194 (768, 1)
195 (32868, 768)
196 (32868, 1)
